8242878030753438
8242291074775610
8242249379394802
8242453368679342
8242372825065933
8242309313992064
8242475298694568
8242966443325711
8242331691576364
8242697817132961
8242664348805219
8242652412848637
8242696274592416
8242951347026662
8242259313668922
8242461394627635
8242154082877960
8242660678893704
8242575569519615
8242324888069381
8242647768109110
8242482092319434
8242198952016092
8242779982606153
8242376421753558
8242931964601667
8242573361069500
8242834256523218
8242542561824306
8242452773655874
8242200343452915
8242721760647245
8242745598548454
8242329760741827
8242486982531620
8242828721804559
8242884159277756
8242115826864206
8242343756932398
8242635663725156
8242364781853735
8242457142206891
8242437110191358
8242572910892198
8242929124531114
8242399110857442
8242247268596709
8242203764076527
8242617824231449
8242286161666491
8242732786837146
8242853982548165
8242663746821602
8242849520426507
8242339071642150
8242743168059566
8242901227741671
8242573242875585
8242144616432908
8242803789533539
8242185098119262
8242110156632883
8242452076379884
8242493484015784
8242540478543494
8242653056754111
8242498647822468
8242823067452902
8242386742285189
8242523871704163
8242835743429196
8242696272936516
8242150194314340
8242603082546382
8242312539803230
8242789386025312
8242594772039563
8242763225861646
8242264844783765
8242349025357426
8242573517827855
8242836544014836
8242442968288719
8242992260001176
8242320747258291
8242427220188158
8242647085557525
8242271876652003
8242733666038428
8242117059252696
8242525525097901
8242236080698424
8242588638547678
8242402220662819
8242467868548740
8242864164066488
8242499125752309
8242448848389999
8242261563564818
8242687691816929
8242777945764787
8242270284305673
8242776196515243
8242616677511022
8242468054725798
8242571440382754
8242841932931998
8242288122036897
8242418545165425
8242313564733593
8242942794802764
8242259491654645
8242270595814027
8242420044635486
8242693819729062
8242645246124637
8242494159052454
8242277814226771
8242334422815665
8242398431724757
8242190779076842
8242258452751427
8242976731129900
8242727564856821
8242125194658418
8242923866538437
8242790239787935
8242161043302442
8242911412634967
8242920324421481
8242662932764239
8242922612581077
8242138080027028
8242330680909442
8242498459439647
8242306844903549
8242321422362364
8242149819066751
8242867850294314
8242916922029732
8242642688039310
8242407375364480
8242736157479886
8242149392738987
8242512574305046
8242492117108289
8242679254863652
8242382450889758
8242222068505614
8242157436493973
8242555528507478
8242541660245123
8242466976419315
8242515065625722
8242638534003850
8242261396439531
8242969518206000
8242190388822362
8242680714003535
8242609581879471
8242806645913490
8242413077604324
8242681550163922
8242985656133993
8242297832279678
8242111584828067
8242615673232654
8242151972156184
8242357189417763
8242606534886670
8242199860361900
8242672272169253
8242945656636752
8242303464898142
8242210833208352
8242683813791760
8242258569067665
8242194352163304
8242544851893329
8242132461566414
8242101337935900
8242458751017314
8242355126321441
8242786550266573
8242192722549176
8242131037639341
8242647137149466
8242977378013595
8242247230757639
8242162451958510
8242120263019765
8242516550577480
8242647751134237
8242297793555596
8242639138935205
8242756056712848
8242603835422675
8242430931481898
8242132323634995
8242397664784304
8242250736265870
8242967532963255
8242487738136800
8242433070339638
8242457073529246
8242369926218944
8242932834402368
8242500518392851
8242506856178367
8242731420606973
8242329948396640
8242787547241061
8242622386177471
8242376974201404
8242529249558583
8242757548663268
8242810429306957
8242792579484117
8242470426794274
8242345334833913
8242835847719396
8242358112741195
8242542486562935
8242169081064683
8242598646545924
8242546613319925
8242169648673166
8242677424807567
8242299996979096
8242580974991490
8242164770956994
8242166293797610
8242592776102357
8242497540161131
8242302590534421
8242579994318839
8242133624357764
8242274569155247
8242526442512058
8242526459409329
8242541419958027
8242893555424169
8242529571596275
8242514941499975
8242811964206082
8242300761039561
8242364531386054
8242914429966594
8242718279107664
8242495242891811
8242647442969601
8242216014633467
8242532919934202
8242353458714357
8242271463613283
8242806471926870
8242469856369168
8242928524133941
8242271323793341
8242875269855871
8242520846497796
8242473982177082
8242943168713008
8242200962381504
8242620551429787
8242288411779786
8242250313046835
8242184942902090
8242363541848444
8242714795765157
8242694971848620
8242536192085537
8242195042534612
8242408545424126
8242857462977073
8242629194024475
8242706711756137
8242809814894283
8242747519749170
8242871288458317
8242177715769214
8242329941113182
8242851155985102
8242419070084603
8242897738669402
8242855263239291
8242650351062036
8242357058899113
8242711338766447
8242971525459599
8242881885288213
8242401252701007
8242735418041627
8242690849072773
8242231394935951
8242666649891951
8242157666038949
8242356091757650
8242880093686627
8242607282224256
8242396426016031
8242620031013008
8242610262136055
8242644394833064
8242463143995780
8242407542218011
8242800566191434
8242196533895755
8242153910547063
8242134019963506
8242601924218858
8242223234545394
8242426515475973
8242257839314418
8242910967939545
8242482339092577
8242208545607164
8242625573951933
8242510831444065
8242410711311552
8242671146484637
8242354112946621
8242865627612454
8242574046671243
8242171077939345
8242177987155334
8242766818365371
8242177134626990
8242272522313521
8242743822873238
8242369150057571
8242644938403885
8242994778399774
8242653813218938
8242445054694081
8242292556885758
8242585371312679
8242505168842894
8242652543786409
8242509544492801
8242427679992789
8242575781341238
8242658822993210
8242100968612807
8242832718115938
8242321928264576
8242601642062121
8242198712093330
8242475950025090
8242164442013501
8242284426374504
8242367273452164
8242787254165342
8242664420562869
8242229650796376
8242315251043907
8242758188718101
8242648818261108
8242350841831902
8242960415394355
8242111511218128
8242435375589166
8242105836637198
8242606988858307
8242246532669976
8242329794887103
8242483363453512
8242305827152105
8242664548713348
8242420657822080
8242674959588500
8242481834855930
8242565810508659
8242626537444502
8242226739742013
8242301279022528
8242454062924827
8242946860821581
8242896986074622
8242669647512154
8242849043174804
8242705247806462
8242348734674413
8242187749022961
8242455820974315
8242273761442554
8242519848702237
8242540440707875
8242213012973506
8242764753352931
8242150058129200
8242452636978643
8242340559695050
8242598362551551
8242636030777759
8242667544798342
8242647574501838
8242134330693313
8242196826585143
8242954932575528
8242186952257037
8242800895315317
8242248137367610
8242722215535029
8242520947981738
8242710987974295
8242332481251566
8242462437417150
8242228578891179
8242442476133025
8242612220538640
8242109316787110
8242369578824579
8242923414394208
8242994821452073
8242237722576523
8242170660065595
8242313287845817
8242223139798090
8242425538991065
8242482454541971
8242691687536744
8242754288777547
8242688325394194
8242157988858669
8242368971841993
8242250345039603
8242620119615064
8242487236939054
8242317224447549
8242147585302582
8242264558486136
8242791929757334
8242261688847985
8242886129696165
8242668958603209
8242935529492809
8242441275046300
8242646712914800
8242580353632310
8242488648883600
8242265627525516
8242194463026730
8242650644222126
8242760979244246
8242753716211067
8242121395846278
8242504246181202
8242588446823037
8242698573215572
8242690896753415
8242656047755680
8242475771859899
8242508623813856
8242409439819808
8242745835144936
8242670930011216
8242655754757053
8242667339258914
8242648675436263
8242302752725574
8242135398976401
8242281452792000
8242630714736047
8242557672608469
8242732646345080
8242548940184664
8242526041341579
8242616824177316
8242125662068224
8242737683888245
8242134097072619
8242480551449679
8242784085093376
8242889430585697
8242286449884028
8242375294372609
8242308931912456
8242255443125446
8242813511706086
8242576923419071
8242212759875345
8242575163174152
8242671283573463
8242421942216394
8242749796123750
8242613316327254
8242669954535067
8242978896376948
8242560141769158
8242382088516849
8242683127578840
8242863824611244
8242750346941171
8242692455763934
8242723560715780
8242791451756011
8242496926281410
8242509346818836
8242285919192405
8242516662312411
8242333741295208
8242310438615407
8242655354894063
8242917026766631
8242121867983330
8242816512224166
8242321282888772
8242674278694679
8242445323438098
8242533690072635
8242582231403535
8242321266875595
8242281274948975
8242973717823281
8242469134851103
8242381659411678
8242452610133362
8242649289727871
8242397847685177
8242253994206338
8242537752571470
8242234511186807
8242422623626588
8242379041244373
8242242721683837
8242224570783528
8242358922873928
8242695979396286
8242431191961223
8242268858927108
8242447111327585
8242668228062538
8242321423975067
8242386429444868
8242749072018003
8242788882703104
8242984462777159
8242793813844399
8242843642413303
8242924271254554
8242194976926974
8242943871414138
8242603787533240
8242587084433888
8242489628227961
8242353743286402
8242615154848419
8242859937518152
8242500193072502
8242139289124791
8242348256825498
8242218377006819
8242125284053789
8242561467375947
8242617733672636
8242369014434647
8242355127315511
8242661079278372
8242445520874931
8242341737316138
8242190758775065
8242437161776527
8242579588564318
8242183498137744
8242108240695195
8242812921889173
8242418136259310
8242401784138592
8242155070565785
8242125833041839
8242524716038449
8242112954169237
8242614077005798
8242553065558365
8242976825464005
8242914761369676
8242494497664375
8242128662736220
8242332892016901
8242419529958060
8242790982835438
8242710276854575
8242522637443041
8242292853792501
8242346437301711
8242650211943264
8242946847824821
8242711794365069
8242815193649457
8242527823089297
8242348866518848
8242532362484328
8242894549026928
8242731938798872
8242916974864946
8242316726734422
8242251465785826
8242362784673770
8242174263516157
8242372566945709
8242743466736160
8242287253037915
8242694841306481
8242589381126124
8242698998268187
8242386178327447
8242409635973907
8242571365422904
8242262465466589
8242253819018840
8242167937633490
8242758897986423
8242148522816315
8242230274023994
8242550677036165
8242137439642058
8242365862315445
8242166346955701
8242864856789803
8242403432546586
8242138497255811
8242196053338496
8242223537531411
8242600383516587
8242695976784694
8242754535436981
8242412519922823
8242956858076877
8242760687993069
8242584262921520
8242946551165571
8242314715268356
8242618223706017
8242776297649533
8242290741765506
8242443579408920
8242682885106322
8242125299208703
8242296846994447
8242861246802445
8242139780514403
8242296432975066
8242326310403157
8242389849722779
8242476846354147
8242670552117137
8242695560418612
8242129223273454
8242114110884389
8242879369159100
8242871558127838
8242259318297554
8242632444641368
8242342014287588
8242220524712686
8242463896338768
8242432859684808
8242918797721628
8242603422681914
8242605684534009
8242176091374990
8242596117592751
8242451885456431
8242590059586350
8242911466237675
8242165336418454
8242574435106605
8242697754836277
8242224158723621
8242771973029505
8242275877226755
8242198189924642
8242946736899708
8242718258569734
8242764925114012
8242913557268700
8242103829256127
8242514111607871
8242682527845643
8242825979351159
8242169143083137
8242909214863513
8242936736483499
8242810444913557
8242921022905703
8242184753594795
8242658283024337
8242139548466234
8242160716109288
8242390865152612
8242758051417795
8242238744973378
8242288482711313
8242167911712724
8242772651584611
8242422138861114
8242226324699192
8242623883986581
8242338070773018
8242455673543222
8242665977211708
8242335980145704
8242903472339717
8242663874204074
8242850061016592
8242126579472397
8242454483826594
8242444525258098
8242420720469170
8242933716752270
8242880543361873
8242507017121932
8242317311261215
8242236316263020
8242557921063281
8242234235064044
8242758293037165
8242410295124826
8242860819625524
8242595259733985
8242423991006285
8242230088372832
8242511864418809
8242687240402856
8242390949457875
8242362839709562
8242276981207428
8242454960107638
8242903850423027
8242165949616846
8242543060965908
8242807756275504
8242675468774989
8242524643629181
8242466255281287
8242747979976795
8242978923841299
8242655899771524
8242975024473783
8242255370062335
8242783231752418
8242867927449283
8242311825345511
8242810336724043
8242485659756712
8242732037794582
8242221245618102
8242256899767067
8242983688966072
8242603088911804
8242362989773006
8242657852034640
8242996858468387
8242543856588436
8242938824847220
8242437953274340
8242253245953575
8242326737138207
8242121215781979
8242241642204216
8242117622492924
8242493639786683
8242330085228547
8242597947548795
8242375165774829
8242839183399491
8242856660368770
8242393719185696
8242270280303220
8242280084261560
8242379337748097
8242816449248899
8242586873762843
8242382986824268
8242725223934341
8242235039389628
8242109726819392
8242642130603415
8242377953153532
8242776874624043
8242435117183673
8242632436746744
8242955069405547
8242543763654186
8242435476215093
8242106913272136
8242450912865990
8242765516301821
8242504572457675
8242524838235628
8242981964687806
8242875252567190
8242449355716997
8242110981526922
8242524553818673
8242461968746936
8242907559708844
8242715761157164
8242368382666061
8242718597652347
8242662398563591
8242873777854357
8242868987437347
8242903953864854
8242517850542319
8242853857119525
8242604916194601
8242390737546149
8242914850245954
8242104522531536
8242652157254563
8242688535985496
8242307931354304
8242162471444163
8242456336956092
8242632831182721
8242235540034210
8242705328299817
8242499765087980
8242170587645726
8242620461614969
8242184922633745
8242592467351406
8242395811614388
8242750880132848
8242283185365497
8242753564701918
8242243126477962
8242550547176701
8242988014848920
8242244530074440
8242374833613258
8242374687499221
8242815064144106
8242403144139582
8242129637955171
8242694469179270
8242396688236120
8242731321681006
8242404138958627
8242721319179337
8242355683718816
8242132322521848
8242575755546455
8242308073134453
8242311981953956
8242720078869840
8242433418818342
8242217956952285
8242980761952777
8242306433284015
8242172865391166
8242856952868741
8242579645366894
8242731022362481
8242684724554170
8242464489396504
8242920233462574
8242157861916602
8242303827437925
8242971771091589
8242683138702874
8242433287583956
8242552892402311
8242396329737173
8242151122201586
8242494063958516
8242524257451299
8242119369935341
8242671338518637
8242259222291809
8242774323263793
8242323462593400
8242127580613323
8242280083523390
8242547262891838
8242799281572466
8242758175867210
8242619579281776
8242775042047310
8242163334427587
8242206946143081
8242398461458355
8242294262425732
8242454664597484
8242108831136492
8242266825694903
8242212342264151
8242343911967665
8242309818372377
8242659095459626
8242668680369701
8242447569956726
8242224490371528
8242317218238283
8242251833152143
8242962599912251
8242745033645617
8242568719506341
8242171170727967
8242275776545767
8242412318275914
8242920858896139
8242813554208160
8242521753589578
8242225911444691
8242119839784048
8242540398612331
8242382719253677
8242442878405237
8242946542798571
8242599250693351
8242855596521946
8242166637047149
8242312367292637
8242139613781944
8242987851262239
8242580672667625
8242484150489442
8242847782133623
8242737020135553
8242383231375955
8242391920302276
8242145442066593
8242116932635992
8242457650314324
8242796049203400
8242271877048790
8242629627631085
8242320683164448
8242337723993779
8242775897873871
8242552621285897
8242122566028464
8242138656841567
8242428349933237
8242460892382578
8242366435684239
8242282739619343
8242808351368210
8242220226386543
8242290214927230
8242928579831714
8242768871528173
8242412621953348
8242646645116050
8242429878402613
8242305716341742
8242152845115787
8242180289186428
8242319967049979
8242888548009647
8242317264379400
8242439414324794
8242901843375923
8242223453933467
8242822861651977
8242638458259545
8242431647528857
8242285886875567
8242963437637227
8242981618825021
8242232467603342
8242975410057476
8242318786704582
8242938711288971
8242214347488718
8242671292744119
8242317123659593
8242152777549832
8242739490005696
8242227111254159
8242666056091173
8242638655695084
8242792690501380
8242824436533856
8242696772224070
8242461446765683
8242119443994997
8242736952062058
8242311814982662
8242320675603667
8242347286881897
8242244921012353
8242363719298751
8242178365564661
8242480939444035
8242374021982361
8242622241571300
8242288018712568
8242161273722399
8242248374316622
8242285960441184
8242881546628593
8242258480752622
8242489911096084
8242360834507739
8242272358568582
8242382882037405
8242410333754371
8242228661845346
8242292022727411
8242118858895001
8242566615895974
8242710620022003
8242671890715157
8242600565083045
8242611228366045
8242840914481486
8242990786001311
8242842677645606
8242135044557781
8242915350374310
8242596333624214
8242360045099491
8242766651222820
8242405631314688
8242639567647180
8242444365909571
8242604583026322
8242762114823228
8242605261884927
8242587089871296
8242623113586155
8242369297327645
8242632873912895
8242648840763354
8242308289193001
8242224019759306
8242895684262945
8242982638381066
8242146248385616
8242939137075690
8242498834224092
8242267618403291
8242291438661271
8242182483102412
8242581835994639
8242736015084339
8242363533644093
8242868177533344
8242332914079224
8242293337762560
8242524795951680
8242881466735455
8242786083745096
8242574485931653
8242745788896052
8242222843072007
8242512151891152
8242687224841933
8242572050001704
8242810851348580
8242524115506660
8242824317944597
8242877742185289
8242182566138806
8242875953234316
8242500577187773
8242233340965816
8242278739767393
8242132434921081
8242572569239092
8242470335071157
8242335766796704
8242757939355735
8242213044907071
8242352495726448
8242425650876611
8242480165976036
8242436015435699
8242153780648974
8242913852091022
8242282792205938
8242558247738441
8242862590153385
8242735130137635
8242286951402140
8242463813635503
8242516533973126
8242480161476234
8242817995809874
8242479122409143
8242951162057727
8242390350493620
8242501980042321
8242421355186054
8242367980248883
8242414496229816
8242461365557833
8242724699465571
8242403880669426
8242555194403016
8242350370551918
8242762241397139
8242314526483073
8242122662724691
8242663751675032
8242109039494383
8242356486706643
8242210213906677
8242116813168207
8242840234458935
8242641543355420
8242560462522159
8242288961515347
8242482681966661
8242930156606857
8242791350312643
8242946784338811
8242950839615880
8242114036415591
8242124633425103
8242265187123139
8242745131237555
8242457132485145
8242626812987143
8242327361314653
8242523351126958
8242212759935812
8242541448715645
8242285725776242
8242241920833903
8242746818686071
8242767336162185
8242725339803491
8242323778464363
8242271172917460
8242191228239910
8242711037205110
8242874061505565
8242163394734270
8242921484472962
8242642352641019
8242919117259185
8242522319838246
8242476260303406
8242223688667345
8242320069603271
8242494979601637
8242593857345351
8242156675468917
8242587250721920
8242633521579457
8242167283761001
8242452638692506
8242705158934503
8242553115239621
8242940497575891
8242150442849255
8242118735803739
8242405285086154
8242929290403926
8242265634214735
8242673163476642
8242403459532149
8242808769954268
8242407654468973
8242655848767450
8242403286803689
8242470855898680
8242975921816394
8242665755582376
8242683385619715
8242712873497707
8242174736162176
8242185561118053
8242218886063618
8242832621732122
8242525486118969
8242206292419553
8242576963282668
8242229232449833
8242337372929692
8242280958393449
8242346141512676
8242849968163024
8242414118044284
8242467197515523
8242260711989551
8242124823781480
8242758652731088
8242256499155107
8242576487195300
8242477666693126
8242600142046419
8242759465869004
8242307361768360
8242995111117487
8242183433454193
8242708279471424
8242319217121216
8242892151052853
8242870511822586
8242640857822088
8242455385561468
8242814015874034
8242636142874095
8242131894739167
8242415497339742
8242312042803947
8242510456195762
8242787836112990
8242195628648481
8242203990156687
8242794181895315
8242815943545841
8242453820274101
8242806754361093
8242370175965449
8242453466405069
8242625934588623
8242465324375751
8242977141904818
8242458977916946
8242256342789988
8242879719224059
8242166759438730
8242566691572256
8242276768036283
8242861626115781
8242259931764323
8242865960949722
8242205386571715
8242588636928232
8242821752586480
8242331639439170
8242423752142346
8242306586812179
8242995463892207
8242115549984228
8242699920775743
8242973862639206
8242276787204232
8242353210082581
8242424684447913
8242166926431373
8242591824655558
8242663830124819
8242202085101680
8242382419529545
8242693644505284
8242538934712283
8242907468009333
8242518525665058
8242529342404475
8242117859983286
8242703250885287
8242350493406268
8242511271218356
8242352564625506
8242933914966349
8242520557359626
8242557561035108
8242257169656351
8242199087708395
8242607214754820
8242623719545622
8242657371812565
8242349450574987
8242944452486305
8242249251085096
8242844411951848
8242696138919052
8242466430914752
8242493683173975
8242312328361592
8242292730577232
8242626858048788
8242127736281008
8242530516169746
8242976034254581
8242980226753636
8242988111891899
8242365993924233
8242249221453420
8242678268787246
8242199989906631
8242178213021920
8242694858354090
8242107875075890
8242998280957743
8242857984367505
8242207650466843
8242950598866453
8242163118649229
8242550439856680
8242364524097716
8242431627614912
8242115113313301
8242834651301765
8242841860629655
8242978990559238
8242121236266434
8242709771808581
8242993940495655
8242345653741813
8242727987677649
8242565478091315
8242728050968929
8242878789283629
8242592938895472
8242502447766634
8242713860383579
8242731995045227
8242461357296582
8242187424542819
8242599374579113
8242769150391851
8242307668719097
8242108148063608
8242315498252291
8242721983643326
8242508163935298
8242948574316390
8242619851218631
8242110156909415
8242137671188728
8242431610307916
8242477796643664
8242183827704538
8242414385924733
8242918088094696
8242583343413783
8242973044699045
8242341196557570
8242654796968607
8242731965339197
8242128824026874
8242344972418363
8242377620601337
8242327831065783
8242173520032913
8242186356643296
8242209353667622
8242573246865007
8242434984773292
8242248951725714
8242211977164499
8242945346171465
8242315357575745
8242124493979617
8242639449585400
8242610119263810
8242439260766336
8242329261764820
8242433257688043
8242627686304571
8242368811222740
8242130852169045
8242339080944421
8242626813081092
8242935949691130
8242405934789828
8242989762134045
8242520920056610
8242967249511214
8242446410551843
8242620085601409
8242387740832989
8242816782183684
8242649773184715
8242324621974425
8242251033394163
8242713829888932
8242600732725093
8242180036159924
8242518427746362
8242965154809123
8242462789984754
8242113331745594
8242798994902082
8242135148371067
8242626366448839
8242245554711112
8242751277651685
8242941438857734
8242836428916268
8242630884984080
8242629465752514
8242565593473938
8242438954114590
8242185728766081
8242152630716004
8242289451412984
8242530638882040
8242577315233984
8242969132209326
8242616142662003
8242178455464636
8242564095173031
8242729652043660
8242285941218393
8242517657747384
8242318569216989
8242957840331464
8242250031043804
8242123066173747
8242110167998606
8242763444513942
8242823139075362
8242551927652089
8242192662347502
8242618820289044
8242610760237864
8242660171917403
8242838162312806
8242634210523938
8242802031694809
8242825477256850
8242240891721005
8242175996335623
8242889143454496
8242536826464106
8242228828001046
8242640317422235
8242634244599395
8242634128053975
8242697951685856
8242346750286754
8242130299361116
8242921187902213
8242633856174540
8242811827187778
8242415891455168
8242346433772458
8242740218438089
8242614097493548
8242892575203786
8242399599004144
8242111467407814
8242440131114115
8242224690589919
8242599595604416
8242918670756947
8242235113842947
8242791722574359
8242214578027842
8242906292651606
8242813185211927
8242367686001814
8242748851047163
8242358092577654
8242103066707546
8242995434875174
8242103814504938
8242268161724573
8242238120374175
8242531730781144
8242997461776335
8242382927649651
8242725558348465
8242626035576096
8242254448311947
8242183682083668
8242974941761454
8242557477292512
8242355525293715
8242253718902308
8242796746087296
8242443169403899
8242580798211613
8242243012329287
8242398921987487
8242758932057393
8242657280256977
8242488871975874
8242771848416492
8242620228989331
8242481824861765
8242559361922419
8242332241773491
8242807784696620
8242677969282566
8242240926134083
8242512975383467
8242622876129191
8242443120022574
8242969638608608
8242915517189289
8242764267435471
8242450840433608
8242207880442702
8242302254163719
8242310433913850
8242193996281344
8242482765988257
8242646355089364
8242721543284928
8242786650553931
8242571610055179
8242549830453986
8242183760984512
8242477466868370
8242805387878771
8242235678407630
8242156985762764
8242343642559267
8242293798862533
8242678013323767
8242377350626783
8242147139708994
8242318372531900
8242234425605051
8242421616816870
8242394982112543
8242875216594364
8242275153971092
8242715423225644
8242414788657782
8242123877492375
8242238364131169
8242558861561249
8242843577119108
8242942230608627
8242682275764266
8242657699779537
8242129442507275
8242135728589289
8242498669111091
8242786727989521
8242265794202444
8242407643277960
8242535342388378
8242394631084210
8242937894783256
8242730324526675
8242188140084188
8242657346961014
8242827690787192
8242754229993353
8242687549172525
8242181867344912
8242205335959502
8242987650465174
8242812852285357
8242991815878069
8242544593147716
8242126175032629
8242972384679609
8242456315468779
8242444247919281
8242294747941734
8242496536223390
8242863563615377
8242445293451464
8242573846294462
8242367992422906
8242377710453284
8242321942986257
8242198390079334
8242109138711116
8242293614749169
8242544886817816
8242257366179183
8242398718827721
8242649631496484
8242284738673091
8242597813588732
8242254447475220
8242538551603152
8242593850726069
8242824626528299
8242146949995865
8242654110095259
8242234636285437
8242552332935484
8242322265534829
8242150697347843
8242919232954753
8242633944023204
8242662619936355
8242319697041977
8242487660881847
8242176964873514
8242301682357177
8242922919942110
8242507230039124
8242683065488000
8242166527083766
8242764065402041
8242194535735236
8242421189601048
8242930635362490
8242545720791483
8242899289436200
8242336370896866
8242449146265320
8242799917343810
8242652622439376
8242849665478665
8242388625949620
8242705082486959
8242825794084675
8242651392916730
8242196330228954
8242648187291455
8242473862937300
8242771556644252
8242957154606451
8242627466829619
8242628187042298
8242599221533964
8242365076977342
8242263345384095
8242751116876638
8242528911512168
8242120680253134
8242879313068521
8242780246404455
8242505635433000
8242211589125493
8242185071676837
8242796046163689
8242813669219400
8242321536417519
8242145515075609
8242314355495259
8242321928643309
8242920616452062
8242266120575705
8242433611387358
8242147722946746
8242711215995057
8242360845876602
8242286848929059
8242497587819402
8242380347194179
8242571022011180
8242747863545240
8242973560703784
8242692042875487
8242393283251832
8242171527151343
8242273624821510
8242278680946351
8242909743121948
8242489050069387
8242293052682340
8242633840505824
8242779992567810
8242307872887269
8242959634654880
8242423363746516
8242156133415705
8242926457948875
8242976558588950
8242759426751364
8242444635258331
8242908424629204
8242686428539653
8242697536172159
8242543320386895
8242782959131751
8242419896227492
8242859280586313
8242538981844616
8242194447592636
8242837090733494
8242566261712469
8242871448031685
8242177113285703
8242514813686487
8242500128217725
8242123179623370
8242301078931283
8242107253195031
8242302587688084
8242567276281742
8242588369891439
8242497312426152
8242728756483519
8242200889784824
8242833541258051
8242244516292521
8242138135897539
8242136294111288
8242242167365160
8242740381953274
8242890572591656
8242328145036372
8242675616466446
8242594724347050
8242888096905288
8242134796667251
8242606983102381
8242354448552035
8242271034135865
8242833469128777
8242927176164967
8242496532551140
8242417119411647
8242431936363940
8242761611311914
8242345866851566
8242508522364822
8242670368529394
8242840799913382
8242543525479081
8242687653468410
8242818614075685
8242855634259486
8242566049057778
8242562344705214
8242292880405006
8242442938352042
8242592182522346
8242572148515263
8242490757455295
8242320038684307
8242581122056145
8242224928535418
8242306051738176
8242516775194488
8242834427465212
8242156380165115
8242301286343029
8242635067273652
8242971341615872
8242244033904632
8242716177179732
8242170834375782
8242477997077602
8242332414404023
8242187247084100
8242631730073939
8242686562668946
8242446025447297
8242191153452910
8242606799172590
8242131286138586
8242242962897831
8242532699433839
8242425219405213
8242194816081351
8242460855163447
8242337117533385
8242498140451234
8242163764009434
8242408830952852
8242323663852386
8242999091697093
8242524751757723
8242394898827364
8242605896246303
8242699074326416
8242479216519803
8242245899911229
8242118449789847
8242379718512474
8242515070181219
8242564774175522
8242333411047189
8242553285062997
8242229137592003
8242310660219932
8242212359118788
8242316455934301
8242912417916789
8242161528216731
8242519519767165
8242655116774352
8242213271859833
8242563792824786
8242406932059499
8242460358627298
8242313270055682
8242442154868399
8242634625019656
8242363718902823
8242864754677477
8242530753044325
8242274251105172
8242377164531978
8242176222309716
8242963691074167
8242342633783248
8242506254516300
8242385873455449
8242671778464828
8242473087278527
8242729989152070
8242337623969882
8242690680366348
8242549727558663
8242833024473153
8242105636377196
8242481011847908
8242168744512119
8242362578501282
8242204887679904
8242399085114091
8242311397399905
8242285657735490
8242510742348960
8242774959247751
8242256669516615
8242251159854892
8242335028732134
8242522234515618
8242634752839983
8242101948196648
8242912396272199
8242847926023234
8242317765642857
8242866413503763
8242570310131892
8242727414426233
8242254959936868
8242402096696869
8242438747407481
8242103376368246
8242578445397751
8242422354671794
8242537975199989
8242610675291198
8242482128395536
8242526942825614
8242375816691277
8242214523283952
8242388526756901
8242358457364936
8242444760857619
8242411748134857
8242408051196556
8242580317851440
8242265156923166
8242670986695038
8242353922385853
8242478341784450
8242174117667189
8242220557181908
8242913720381177
8242136063869785
8242658548485713
8242260617181129
8242756958805175
8242641978851118
8242404342047192
8242693822305824
8242128425054717
8242508165453287
8242340830114886
8242211770725092
8242141941365020
8242851536479650
8242580463628270
8242401392803876
8242843852841833
8242172424781742
8242292579365906
8242597411388045
8242562782022146
8242287812121157
8242475678878549
8242336131401458
8242326649889640
8242978295117409
8242662650344870
8242168141661787
8242301446422789
8242690059101213
8242664787145759
8242683784662346
8242746337125552
8242640220436706
8242980647958694
8242844536648585
8242313120177693
8242910382455533
8242662461889636
8242532446575033
8242647233311713
8242902643983276
8242440130892029
8242274492993933
8242556289447914
8242732060158080
8242968282728287
8242761836603841
8242160259251708
8242681028533925
8242675090579207
8242661517514812
8242171958653941
8242735692721085
8242476363723854
8242798831574335
8242606143378872
8242678252746250
8242209514553120
8242218952532303
8242287128187541
8242752539349669
8242894330593795
8242738113379359
8242243697059771
8242393030172508
8242301126295304
8242486750144288
8242417753486162
8242734264519370
8242615464007581
8242292541685548
8242665227146617
8242141218756591
8242946738015630
8242444743367183
8242312344274433
8242139243793141
8242788851246004
8242426310147786
8242529867563776
8242343141149515
8242307120561669
8242978997261771
8242793013337834
8242397750566835
8242347227613730
8242597393781650
8242780433328137
8242194742353275
8242224928808291
8242266535684497
8242121260013931
8242395932774078
8242107871815975
8242470055856508
8242472430745608
8242313945593039
8242631365138780
8242246670837712
8242354632611888
8242499474836852
8242542143506016
8242775321052290
8242361725056539
8242674941599111
8242754541484218
8242314598635451
8242662236284814
8242225887737630
8242604753065801
8242128710795591
8242582257874597
8242272424326889
8242639932681691
8242302129204769
8242663391522361
8242880322222319
8242330721282575
8242973654676455
8242702934692780
8242292875673438
8242268596138585
8242220390525596
8242623124999573
8242399338012349
8242908435723326
8242386535066472
8242864629657215
8242984439485904
8242630961825035
8242570219132123
8242256655756128
8242482449547940
8242857327319606
8242753274473225
8242579317153307
8242372417002382
8242844771385971
8242785373255748
8242133447871835
8242313186361852
8242534894387978
8242831661996574
8242665180225824
8242467215507402
8242682186943467
8242100627547027
8242189458234127
8242264313099290
8242443339734266
8242115437199510
8242387270823199
8242282466704838
8242172856934471
8242123341374386
8242665771406466
8242511664691325
8242502871151635
8242882691174282
8242359223697645
8242356473744460
8242192865761601
8242462990668788
8242302754801743
8242214452028583
8242821128182519
8242594842712224
8242567498587886
8242434131443644
8242577623292313
8242645572493932
8242417477086475
8242455599978914
8242198075255588
8242890538086053
8242582895097319
8242341831988491
8242170411127580
8242884861362139
8242409041442444
8242487621684674
8242905467787614
8242833584852528
8242240220023105
8242157844656639
8242219124842599
8242317550371379
8242116254516319
8242666928656462
8242694256135269
8242279167072352
8242959928578064
8242444414357978
8242442481237678
8242231662594643
8242679940161257
8242273811182144
8242978095154622
8242138394423468
8242135812635607
8242557551844128
8242623079786549
8242169162034494
8242161271615462
8242445362446366
8242915836835972
8242816615778634
8242222942009021
8242869044846751
8242317318186581
8242474820718847
8242622843307489
8242288423102044
8242166997924549
8242275850041631
8242859282401516
8242432811062110
8242408683895006
8242192096999492
8242591623455566
8242431484431966
8242751110003895
8242326382563070
8242741280433901
8242976051618819
8242226930557486
8242571310633407
8242624484821389
8242326588221095
8242766623476431
8242402510682004
8242905791764343
8242362476092091
8242527171103324
8242158865295125
8242479324755996
8242227387182880
8242106627572913
8242402710802939
8242554110015141
8242194058297611
8242920211515643
8242568755592023
8242572518952805
8242192865006776
8242179839155360
8242540079443349
8242761141348738
8242674158755154
8242547156874109
8242323452424923
8242433178504802
8242795073819022
8242253865502846
8242781762167763
8242663654365470
8242679521684388
8242696237052197
8242699167885156
8242182648782115
8242654342523371
8242659372384877
8242285549999975
8242997153035480
8242940492382153
8242465743062077
8242591395934968
8242577564171938
8242316556273350
8242738646013344
8242375127748765
8242589587109787
8242851724854307
8242799020652786
8242114166475503
8242193679689081
8242111061753226
8242446327243941
8242411210028961
8242861848333117
8242994864303646
8242930038709333
8242314629281001
8242115994579505
8242949294016441
8242799268926532
8242343985112597
8242207755997031
8242876094454347
8242142674597754
8242203942514524
8242479823858112
8242592421646679
8242968318302122
8242313812482401
8242354694947428
8242358885581138
8242655917834445
8242429637708313
8242919343545422
8242861577035483
8242171468773708
8242735357123452
8242838924954830
8242283845467094
8242259633382662
8242276712622158
8242366755275160
8242595944888357
8242363437491308
8242513171811695
8242710158711408
8242249794158137
8242606924442703
8242335345001136
8242489439536526
8242940953182701
8242666956942748
8242215821835614
8242691424281217
8242998372944546
8242908477777455
8242756355093880
8242538447462554
8242283529734884
8242177232982960
8242622545032130
8242539010595743
8242420344784194
8242185162213716
8242644921551899
8242721076766851
8242933886072125
8242215534658082
8242546060765543
8242562862355481
8242964146371238
8242856016579949
8242429815189115
8242505792576295
8242611849139378
8242727588493551
8242612073574767
8242151521697867
8242231081535380
8242745345714779
8242232375605939
8242363710994881
8242824846055703
8242545524997817
8242437794505334
8242770016095418
8242583564886460
8242827058249336
8242370474959913
8242336643351513
8242400039837826
8242164536973159
8242851669165971
8242174438585265
8242778312711407
8242360840697225
8242129273842839
8242422577945120
8242694621095855
8242746621796565
8242772465385357
8242970176983085
8242538098525242
8242614756683620
8242928254585668
8242423316927537
8242670530814338
8242801166093613
8242831455268779
8242530236739589
8242412697689031
8242424743804521
8242737866923064
8242837829495180
8242696794389190
8242371064261891
8242278969584723
8242235090789252
8242491230986276
8242417285722117
8242520990941191
8242186035678420
8242711580371042
8242589572155002
8242963360613894
8242546352843905
8242430790054777
8242649114249866
8242327985626447
8242796461133855
8242806370145082
8242524932609698
8242819250451520
8242484478682584
8242196843854363
8242216219086183
8242872519137400
8242895489843394
8242313876677403
8242332831116149
8242740668969755
8242909864563747
8242206685245838
8242599623282402
8242379346716943
8242572423978789
8242881352312598
8242646967564317
8242332766142732
8242759977536146
8242421917534700
8242825639381727
8242971915921155
8242945458932012
8242257128538157
8242546939674110
8242645881976499
8242556248023075
8242448621838678
8242707837077537
8242776474282173
8242527650433083
8242802231098659
8242457223643140
8242796598498873
8242627654405461
8242846260258591
8242210379213109
8242337689623727
8242311599465874
8242805369069611
8242610651488043
8242124572911277
8242505513995142
8242221191313390
8242114575442616
8242405584721964
8242815265104653
8242392126766294
8242725414884753
8242758918439104
8242515599779154
8242810683675726
8242285677628961
8242341722091730
8242943725343375
8242510246255019
8242823159084760
8242409742817119
8242620397457530
8242178922854733
8242881972566042
8242516295747072
8242142869494705
8242574438634222
8242504952888902
8242804576026871
8242388490788865
8242209879039308
8242217687547864
8242693599141284
8242981345611761
8242874882223069
8242372570343881
8242271426618945
8242320629505548
8242900777412305
8242393748667437
8242391358749685
8242323248973622
8242293314699463
8242676014226110
8242736453903693
8242628756666003
8242448315721006
8242463871413579
8242125618315530
8242632465742012
8242491711183747
8242354310156761
8242354993455570
8242579995839332
8242828866841622
8242336199302340
8242540343254442
8242431091641317
8242393433723050
8242264055646665
8242327348495652
8242230980478052
8242550063897231
8242255725945175
8242742633173384
8242185580034529
8242426243124136
8242287242824831
8242333734456466
8242493220266810
8242967828038272
8242351540493199
8242531317344005
8242631075413050
8242829523663893
8242462687158045
8242377033534763
8242855920691177
8242777328509621
8242864162378048
8242279382281820
8242418836153882
8242606410351624
8242317612274345
8242623345919253
8242691580944672
8242364740312788
8242185561956267
8242669757001386
8242291762626084
8242327453167595
8242613884437627
8242302678293368
8242722141001940
8242154946297471
8242538794056404
8242883627625517
8242109552848986
8242367364967565
8242486975267582
8242115417883824
8242215080777229
8242665954628944
8242871831501692
8242589721297943
8242186237986207
8242697677006973
8242485592586542
8242536258562714
8242126260125595
8242282382424586
8242146052789596
8242244649862641
8242293034956719
8242639021789448
8242938630145426
8242657748633898
8242949529874278
8242201090633565
8242838635379135
8242230753445904
8242977816771713
8242416597402914
8242946349173895
8242203610089330
8242584653183354
8242567346812094
8242415867837185
8242582250206489
8242162941143017
8242146162465411
8242258129508082
8242473363382338
8242189188236021
8242811073318749
8242277472845100
8242664323164967
8242443073235784
8242128161002306
8242567543637938
8242868695445452
8242789067463758
8242462039225512
8242547212657994
8242818755161530
8242889831685048
8242172320605871
8242909099541102
8242862368188901
8242733669706289
8242704852243159
8242334240343694
8242675349074864
8242215426612356
8242930967585837
8242298170135759
8242519111709255
8242610935255376
8242224312709793
8242852524697130
8242458457148269
8242436524622568
8242575026514309
8242856098355697
8242705829866866
8242283252615461
8242290033759164
8242305668097978
8242136128232831
8242806160131535
8242688993036759
8242424412417758
8242679853629983
8242841750563638
8242977449062158
8242270076885571
8242968870733975
8242163964401824
8242484053045230
8242239427587403
8242119541306492
8242274572294461
8242388271181094
8242292865135007
8242855512947892
8242154148563639
8242632885592094
8242884819114693
8242202335093539
8242221868986844
8242270313874055
8242899426286234
8242161923149069
8242298711001046
8242742462331575
8242455635177678
8242460593636095
8242117571365919
8242320837463225
8242775464531302
8242575040634478
8242671019745740
8242999665655443
8242483657754485
8242586352026543
8242778985463986
8242997031013275
8242139899003543
8242562534388037
8242859778861100
8242580832037816
8242119395114612
8242570722808543
8242342784191557
8242508131944596
8242169152244319
8242333084697529
8242127887468851
8242885531808288
8242346638751590
8242968611184884
8242667046071475
8242673930972867
8242709980836459
8242277387253479
8242831842849561
8242857689614367
8242990234284975
8242758512929632
8242931811171945
8242186942643004
8242391845895489
8242358747754223
8242728772488844
8242201490528623
8242204714267083
8242887013089503
8242963068151911
8242256833964792
8242509812136740
8242561838747948
8242729087058836
8242554267807087
8242919781875842
8242429771632968
8242519927734683
8242968680071813
8242198426884230
8242604032087290
8242814742406816
8242816111211896
8242516661623781
8242540456315329
8242927313878042
8242501071305425
8242751681223341
8242428354791019
8242591172771642
8242708410846606
8242865444798569
8242706115076627
8242535734165170
8242230311561843
8242202839912556
8242483940084092
8242400921059379
8242499187186181
8242468387511846
8242530533732224
8242108766376619
8242137161564590
8242850275976361
8242723530424623
8242623729823658
8242179835443756
8242382235744013
8242770244081389
8242589427516164
8242845434339996
8242596724606688
8242503171969573
8242100930019793
8242490334119582
8242839236635872
8242581136379545
8242614937383296
8242492847559926
8242655934766488
8242215394575809
8242489184744549
8242853921027844
8242529331217207
8242782944625668
8242159441705652
8242359694729318
8242240562282698
8242488282981702
8242664758482761
8242689145397978
8242474877167188
8242938236819575
8242355875594225
8242692384905284
8242623038295948
8242469848339943
8242907042847164
8242991691165647
8242528967401661
8242236635304394
8242826175295775
8242580325309542
8242722771513159
8242204045307615
8242176877463736
8242404662135909
8242175864696706
8242266550595899
8242947116888375
8242133039826661
8242513626055364
8242513790714070
8242617351574644
8242830581565439
8242474733467279
8242830837056475
8242723293377939
8242305214733422
8242468394321284
8242641217006716
8242353567654061
8242399935451674
8242424196625511
8242104713969250
8242429866388392
8242623578693698
8242912651052831
8242175310044415
8242227620235971
8242663853015864
8242400361815592
8242494051822772
8242968515234195
8242920185766167
8242282586901265
8242901972028619
8242862586121865
8242372221702499
8242552654982462
8242484417681039
8242302294445818
8242369839689585
8242822973287989
8242428048506349
8242719246142001
8242451293232748
8242651551457960
8242188359919222
8242631617585127
8242609885518349
8242338172974063
8242810339901397
8242198832925781
8242559330823728
8242992799103478
8242634129085053
8242815452146669
8242965065182396
8242258980501684
8242830932141239
8242819023306613
8242146421565966
8242829498765223
8242246457131473
8242637547827556
8242776878931614
8242870955002846
8242286489866846
8242600582082675
8242563285335415
8242980191121648
8242593433768615
8242366134582753
8242112137458246
8242286376592722
8242755763808824
8242907899048799
8242230058012792
8242885177873675
8242742553119255
8242667847744432
8242949015658757
8242498741687027
8242576865605325
8242360658026485
8242208635042463
8242712254005371
8242411919477560
8242982390934243
8242639316534471
8242821465155567
8242871938757459
8242802888453809
8242499546483185
8242709668263406
8242916949287969
8242278896154427
8242798823527757
8242864815184463
8242187874466923
8242958721971930
8242294496079146
8242695095168527
8242439461537036
8242150123201734
8242363830655413
8242732039757708
8242392129481577
8242279784012040
8242134232022087
8242373471752575
8242930242596075
8242526440415819
8242120923041678
8242947010265014
8242376050379141
8242846646681305
8242519588272082
8242844197122494
8242753710622189
8242820779101401
8242219796783394
8242995935487899
8242601889164276
8242585751347825
8242613930986944
8242194953826235
8242784691794944
8242983813115945
8242695972777985
8242946839786124
8242942515171441
8242451662573614
8242120428595578
8242648659259599
8242185055959823
8242253651425483
8242275818135482
8242187476785055
8242747072561099
8242157241545492
8242574429949542
8242410056371545
8242984369984033
8242968543336002
8242149214157304
8242148450135861
8242477118738542
8242467458167521
8242274142556143
8242561114768846
8242413393131493
8242256724908546
8242628587123158
8242567098628888
8242451463535676
8242136727478491
8242290338096726
8242902554169978
8242614045933473
8242583591822320
8242682723453671
8242239569201916
8242517967854901
8242978094292057
8242166870646484
8242784627544334
8242490542815662
8242172527352927
8242539127728832
8242745345582004
8242601889255547
8242472299772947
8242183711419227
8242863889801844
8242450033619675
8242588940454689
8242320151033725
8242662599647455
8242902840669695
8242484894095102
8242886249657837
8242478650337526
8242302150653607
8242306959031126
8242628916069687
8242326220835746
8242645249506397
8242104390561611
8242532090518665
8242491648271347
8242233960675453
8242908578719207
8242227763861453
8242502490972691
8242847071858204
8242845412727561
8242778375475666
8242624730088556
8242290278207427
8242120617041866
8242233762924657
8242174213616956
8242936562729394
8242502511545906
8242122171463083
8242773796754795
8242226946823617
8242706054907781
8242694410365386
8242771155812603
8242350189159228
8242203951237515
8242397817141464
8242452634176723
8242615258367621
8242442041255059
8242298138821301
8242565534396981
8242200852175983
8242358336211786
8242341245404533
8242200423927002
8242506365845898
8242695245516459
8242604633303170
8242167440846137
8242590012323013
8242594137512829
8242534867381686
8242588137245261
8242505871275517
8242618685952073
8242625011364247
8242309981373962
8242561754595647
8242134797782743
8242780618703710
8242801993965934
8242378851652577
8242182771049323
8242590140013816
8242124811815432
8242848130574481
8242607681761755
8242146819953555
8242834777583978
8242728280632468
8242278262705269
8242373721205618
8242531697932000
8242454884601515
8242512514843269
8242467865306132
8242261017372588
8242158488123529
8242108678243149
8242217682437284
8242925746693890
8242559752979727
8242904360008741
8242430271815583
8242466771221199
8242552991836104
8242803783456192
8242641929933958
8242863646455095
8242966119784103
8242165695849095
8242133992565700
8242167065597069
8242467264341454
8242633867306280
8242934195885278
8242248459216300
8242567715124144
8242249251935983
8242178469895672
8242680534988682
8242285234897490
8242273652009486
8242715861365857
8242481899783268
8242173671933248
8242416350038127
8242406161452174
8242502750984119
8242430116888077
8242283050662807
8242291111242615
8242519878579499
8242828423613434
8242875262377687
8242770155276315
8242682412426275
8242914617211303
8242253672551648
8242116346023401
8242385420496262
8242890572592451
8242641214895332
8242606059005804
8242813512451160
8242684221154189
8242709158495271
8242307014509233
8242163431993733
8242423479325393
8242964249429174
8242384579764600
8242792835897647
8242199636812608
8242521769505661
8242454176286365
8242920099828159
8242113966104253
8242410939356145
8242835451434485
8242384665274738
8242232724579344
8242759891156323
8242340476914954
8242363176015687
8242403767111847
8242534551287810
8242446169173623
8242466647854696
8242896327939452
8242567572374026
8242566190841467
8242539635871836
8242222815367305
8242323128245282
8242394731982483
8242364128263380
8242310154483096
8242312180713957
8242321378289661
8242857626737016
8242490153618900
8242361371064291
8242404414424462
8242562178742885
8242513974783544
8242144065172011
8242174186788632
8242597925552735
8242823341098372
8242108377342851
8242678391134849
8242380434047420
8242178533281882
8242355794264135
8242610794096818
8242602574662526
8242569914934472
8242716518701554
8242324818854969
8242346946553922
8242535179338981
8242396567115098
8242324524265828
8242333015553740
8242537116841900
8242287158273494
8242150912825713
8242118466001651
8242324755166110
8242345832717491
8242336354918143
8242121211604218
8242783531542701
8242614237217775
8242106145616470
8242521696668524
8242655645286333
8242799992157166
8242331487128101
8242334634645225
8242959566798163
8242349312761736
8242683720091101
8242202520495450
8242545664738101
8242296775565265
8242165737372141
8242306737248520
8242449547497577
8242165050002220
8242857864477098
8242504244492576
8242195454768970
8242311672428155
8242916919003332
8242588186803790
8242618048119480
8242269141652250
8242905528715364
8242229210683487
8242806744052740
8242843876495200
8242421599788563
8242904086538366
8242782498301479
8242375838573519
8242813448255549
8242712078843882
8242548137665060
8242473153668993
8242698164858079
8242939286892300
8242591643447297
8242647055172903
8242296765179866
8242306140103274
8242294785605867
8242107483003768
8242554861156297
8242456767253795
8242796863459854
8242899916671792
8242562040726872
8242592210585339
8242350834255792
8242872346784815
8242428011014077
8242113332984408
8242686285411969
8242976952154630
8242547021929791
8242579389998011
8242799437675575
8242641739418324
8242172257457503
8242178365275194
8242727130471556
8242542452181609
8242382882513367
8242361370272228
8242400817831438
8242599065948925
8242682222328656
8242208885714539
8242446538399003
8242282085391486
8242380916414107
8242925922057983
8242512747759661
8242489589916383
8242717568102279
8242617452534973
8242402612283935
8242929764801425
8242181968044663
8242588320452733
8242961462526284
8242523970053609
8242135312667798
8242954139641218
8242265828369571
8242758424565518
8242827520323763
8242152436473328
8242519486662552
8242522934633344
8242430434454037
8242200975051788
8242232062704615
8242269069261843
8242414292606405
8242571663131704
8242270864775194
8242133193151984
8242422622451714
8242208239767738
8242408621755267
8242997166012815
8242276673953881
8242602430451760
8242310246192051
8242673211142772
8242356193623649
8242790713456044
8242907217261438
8242945684611912
8242464031113536
8242956725985264
8242904669798077
8242937944215025
8242390429319873
8242813742826462
8242674141784157
8242120574837990
8242611014554547
8242488298925431
8242400654254252
8242457488373859
8242280037469923
8242298739363718
8242400760377633
8242238517797901
8242105176182723
8242564044851902
8242931724655013
8242395863039764
8242912759484836
8242357793023736
8242878523339856
8242973753582852
8242418623957034
8242928556184615
8242810037353482
8242703583421280
8242458093393791
8242479560507917
8242128580116090
8242255785175023
8242120314242363
8242795129561537
8242554728621406
8242790458611468
8242441825413432
8242228096198529
8242593828593315
8242536097748614
8242457524776844
8242177674009980
8242316187514994
8242254297627071
8242423029415173
8242824531708986
8242654732102563
8242560539834260
8242180628634105
8242340115394779
8242471617986468
8242356418336719
8242324045028679
8242832566099641
8242836857229177
8242979161077200
8242894950864879
8242579591244094
8242244753763162
8242393429907460
8242351929973570
8242194543745169
8242941245311030
8242982281761266
8242625892633870
8242365927526010
8242806942372992
8242764778424035
8242690918068676
8242997738935537
8242268641081845
8242764939361375
8242532271261869
8242581762866477
8242432328801659
8242746838392866
8242630652586213
8242121199683611
8242529349352636
8242582668871146
8242284837083554
8242735563613456
8242664129612337
8242763525688392
8242272090927645
8242959282881479
8242316465386568
8242599011621231
8242167657176201
8242573121645788
8242947737416940
8242232190401972
8242494776021848
8242303222002675
8242206830354223
8242969466759682
8242793938129941
8242974675342683
8242691270783693
8242886642697075
8242130582577010
8242473297278330
8242188044122750
8242413661992744
8242489714185674
8242473468415296
8242472695342623
8242970155873060
8242472988412186
8242511111557743
8242914249299136
8242364227156648
8242329183398442
8242723086319738
8242199279946625
8242764121566842
8242425597541134
8242668642151931
8242613744412183
8242329236075401
8242362519476395
8242115731109703
8242731436114463
8242181518373109
8242189170255655
8242163631524115
8242378339365132
8242213575808053
8242125093241463
8242343944958708
8242179817702825
8242225417473778
8242419590654983
8242576457359839
8242515665693612
8242648923561056
8242681568502948
8242104594745587
8242808220304993
8242776613882916
8242835234708784
8242901885737252
8242191834625607
8242103831762746
8242283296684662
8242398250882190
8242121357015909
8242751821925734
8242141063634412
8242486837791821
8242406434961472
8242140064256904
8242544730155773
8242460482672507
8242747161012258
8242594887882291
8242265912678955
8242983159759149
8242599569876213
8242123585539222
8242976166039188
8242866130493937
8242458526607942
8242182585855540
8242981643388334
8242701156685010
8242915351285353
8242101467549491
8242773594884782
8242799116046447
8242993322242777
8242119862398898
8242406126589289
8242414168209754
8242317431122489
8242318681197531
8242843047896470
8242406930953624
8242602041129870
8242927799627960
8242106754482710
8242352427453650
8242628944968674
8242929659912556
8242860428016451
8242977250081475
8242122527255498
8242996296754178
8242717946328725
8242299595831663
8242248337657159
8242595612321271
8242307361116343
8242993680048736
8242362681625729
8242546128602666
8242279299159085
8242269535689565
8242914141032977
8242732650615138
8242201224811171
8242649512631494
8242128028256697
8242862239915445
8242541120245336
8242986854325842
8242959443133883
8242414438429641
8242907063926463
8242466314024094
8242157960576484
8242675455917014
8242491536477559
8242568174043446
8242631552564854
8242831719122048
8242918647004330
8242518596281788
8242918690605995
8242821327825754
8242712548221412
8242459933135305
8242130640494977
8242859819832749
8242455921462385
8242499629421120
8242104714004436
8242650251473277
8242302925998494
8242509231937790
8242362058409010
8242529847027733
8242389712268380
8242432550877811
8242135412284361
8242407922783933
8242477760811963
8242772235864792
8242701428212140
8242510131979700
8242262861873818
8242533813116687
8242127716988803
8242950864561011
8242449251659522
8242292756205056
8242109591268128
8242459979904903
8242473317078429
8242832224329638
8242774514415898
8242542144235189
8242490250716795
8242428838579518
8242429469556084
8242101281555435
8242686952395767
8242191238022019
8242632465048584
8242271767563294
8242208519403139
8242238399334025
8242916743655607
8242681153225112
8242385533736063
8242346446962028
8242477320277867
8242245123446537
8242111891221592
8242473482558593
8242408520545418
8242642076732735
8242299064883831
8242436463226938
8242546542209732
8242457245904692
8242494754351828
8242146321122374
8242648526081568
8242469047716221
8242967338546705
8242467972017348
8242928948604930
8242747485444302
8242142651245052
8242550050513918
8242377911387996
8242444187114748
8242397220352164
8242422587502384
8242759470288396
8242730068523195
8242220176961677
8242327625057890
8242505559646946
8242486916953763
8242541676928286
8242307365903487
8242410696733762
8242594510518726
8242167836549518
8242526875473643
8242356030111557
8242462747057764
8242958757987253
8242452649321873
8242750665208893
8242623969671243
8242295156191352
8242561933104712
8242586120283796
8242550488703020
8242216449343244
8242824621385772
8242605519518083
8242709933945882
8242699241346207
8242537356354929
8242297327876523
8242382320885194
8242342518889698
8242643713405390
8242505578406286
8242438269438427
8242777199233182
8242803167753710
8242852548588155
8242676492813104
8242213790796905
8242591953145177
8242195020561413
8242617086606957
8242356020557902
8242801898393027
8242531444364171
8242340272199404
8242270666992649
8242727113255087
8242868020181423
8242317849592004
8242176466105615
8242487953381125
8242638657983988
8242552958663082
8242455748076741
8242261538101097
8242184747815884
8242370094973493
8242552578844800
8242637351941272
8242301059273859
8242856933249407
8242276029359160
8242634232148897
8242445038712626
8242831795386786
8242571331835194
8242463238824699
8242671752568505
8242731952421906
8242859739941795
8242636915045470
8242743195512400
8242972611676463
8242211652189103
8242736395355843
8242510581971032
8242239017837370
8242626278099350
8242416463982082
8242290193747516
8242913150415341
8242430964071948
8242222767758111
8242162692495490
8242851999214467
8242464057375937
8242391659634989
8242115474921797
8242206987849967
8242961526981070
8242579185482650
8242127572146399
8242493284195527
8242528662829486
8242397639972801
8242572142376189
8242275587046971
8242605324036829
8242400259383873
8242418358771105
8242622430486241
8242821529411231
8242360886327351
8242613124516409
8242161298884580
8242147314165946
8242969394536614
8242972345752483
8242238840019594
8242432256549733
8242752770358432
8242636238981758
8242944469177015
8242337865993020
8242223228964729
8242528262484843
8242780255362705
8242406676132372
8242524585602680
8242246428673922
8242145223786628
8242168229633617
8242814156806276
8242346561252952
8242260639717710
8242485356255455
8242836152925439
8242422161135593
8242339048945506
8242445183411684
8242338632348586
8242906623332008
8242822199624378
8242533915148738
8242455725372295
8242228212135949
8242623444985391
8242500756435022
8242222024504113
8242341358179884
8242663635013853
8242558157538720
8242167615511134
8242231472661596
8242392780288206
8242274732452261
8242950638016057
8242941784835139
8242553758812410
8242441325868017
8242757521612989
8242155613187507
8242263625734152
8242194819793385
8242171425737903
8242327846227255
8242277440696106
8242560224665649
8242496295559376
8242618164258367
8242848928886229
8242579867208345
8242663297674524
8242318236226869
8242248959905549
8242364572986075
8242897844371261
8242629546744222
8242621428386049
8242167917422040
8242698736892641
8242266337546122
8242599282264331
8242770785145189
8242356317682315
8242901851895367
8242826995741151
8242752390715272
8242437025006312
8242793138845291
8242484443275083
8242937427879315
8242670226001963
8242127166188052
8242532546309851
8242336574659147
8242566839305882
8242618459348586
8242359461419779
8242472526017986
8242311586395310
8242109353254180
8242355379819402
8242545220824938
8242991596105326
8242730281135432
8242106311931032
8242489362078319
8242561146239447
8242239339752272
8242555419397618
8242193265745549
8242265948764637
8242484440313987
8242516758337222
8242467816422899
8242918586576398
8242813717624515
8242934140241775
8242741237846840
8242644989153927
8242825662937509
8242599292041703
8242923025988099
8242309748114824
8242429059019204
8242140556263408
8242340074759121
8242369067846698
8242977731839712
8242119244725728
8242517755508072
8242600580332111
8242145667824973
8242669514699123
8242897498934690
8242972384857599
8242600140946214
8242649842512869
8242741465222548
8242794562547460
8242537649284658
8242449030684837
8242540438944502
8242660825955324
8242668611615909
8242462367346322
8242575321997834
8242632950971071
8242604564062968
8242420974972082
8242260353917078
8242172225666000
8242949158565496
8242752099184469
8242633235871478
8242652249986260
8242530675282047
8242293621555278
8242209669496279
8242685949648062
8242740543772041
8242975268287275
8242291388865215
8242577764805590
8242508713469960
8242767480936175
8242141420302986
8242725058703671
8242743141315403
8242566230254097
8242585714287581
8242664270979624
8242305415554154
8242706141212047
8242208659737044
8242836335302007
8242361723126146
8242497054002501
8242783266319356
8242933320484934
8242603269499512
8242121917592954
8242128715996257
8242430563943578
8242411782451840
8242578061689488
8242722464673239
8242618112498910
8242142861085771
8242467534537814
8242610147838842
8242337218347244
8242445038788997
8242750171496138
8242665094991466
8242440060885888
8242720863681294
8242872920161575
8242592516425002
8242815399456538
8242954595348839
8242396879126731
8242189477388188
8242456072515708
8242876489176369
8242202935225958
8242451559269948
8242582116667106
8242134897573738
8242658714182379
8242821671667898
8242488884469658
8242512923564418
8242282353922748
8242254357155015
8242686744091361
8242953823467003
8242609668533535
8242320658054667
8242961566832445
8242659161916911
8242475412726223
8242921020576158
8242787971963866
8242826453745220
8242336750456004
8242428030277692
8242136645341973
8242466131625427
8242273123611198
8242411491994319
8242481471188819
8242868967495482
8242479836056601
8242627489145490
8242167759024662
8242267583593148
8242839168624961
8242969563342794
8242985169746763
8242214372929679
8242848398164290
8242351662743426
8242992630111310
8242296230744057
8242957458208501
8242739014743234
8242715664962250
8242316826598736
8242871077388136
8242531935412235
8242379232143112
8242250268925391
8242940062272239
8242522664934535
8242237560869198
8242271196226785
8242455921446373
8242598445288996
8242522159285363
8242279552845698
8242662987899068
8242680174914996
8242465921168677
8242576042006195
8242878562315119
8242906241041436
8242182671047502
8242567553658687
8242338732541341
8242526762315669
8242104959842921
8242623638009409
8242335210274983
8242283344454671
8242284720977560
8242929167191382
8242122698419912
8242120349264148
8242387679493122
8242527315584256
8242144736173794
8242805055434207
8242868452506762
8242550337561310
8242843292119516
8242534856989299
8242807139732349
8242686710997032
8242642554337538
8242475516075189
8242780561853671
8242572026452766
8242213765266027
8242375658237378
8242117640394606
8242168320477064
8242633448088559
8242919494478470
8242812915193267
8242749365319658
8242853412233064
8242546918481681
8242834035467144
8242948030706856
8242393786033797
8242549263485130
8242388618384115
8242488816336301
8242338960232869
8242149959261313
8242859261658224
8242517239691044
8242823292348060
8242767818321955
8242980941981770
8242254812577496
8242505560138992
8242441689323911
8242136014361859
8242833565573710
8242570299821622
8242260228963674
8242871866562280
8242221583044489
8242537573831568
8242546740779605
8242211529941505
8242669266595803
8242796565252790
8242397641624945
8242720855079160
8242689995145351
8242976770593632
8242686143969024
8242327841809185
8242681631891591
8242754949588809
8242652332385163
8242339835242413
8242226168617515
8242308117854233
8242646026893696
8242294922952694
8242886718802658
8242803447101071
8242738331912481
8242347789716767
8242337637034693
8242489776612814
8242343331397781
8242866750181516
8242564498501548
8242500052402279
8242501623793906
8242891110856552
8242375920276431
8242491973492601
8242487047729091
8242297666204408
8242740660996041
8242438429233026
8242140962212707
8242432423034776
8242976156511162
8242198616389993
8242675642674342
8242213334491674
8242108719968289
8242307986419937
8242258097031320
8242418431922803
8242772442413639
8242310694935901
8242543079868112
8242440120779497
8242378713413096
8242494018584636
8242850973227165
8242786762467715
8242866656573073
8242817953474971
8242861662299981
8242491213602074
8242356496087553
8242819838304210
8242713046367392
8242369814854495
8242646831633089
8242228853091611
8242276071081051
8242579536861797
8242169548663227
8242435118757578
8242718329688748
8242427744033403
8242573111429003
8242989961002671
8242433830061174
8242800283751560
8242378371246044
8242337041928130
8242496479851667
8242705932534170
8242271094762352
8242405218982753
8242194414108644
8242558119618927
8242644940064308
8242838477032479
8242613838983089
8242255743272959
8242190368208834
8242188256275919
8242294477613536
8242994522661980
8242719430703261
8242488386457434
8242658150314526
8242130561355498
8242468341827487
8242898263345068
8242153172093042
8242956571102336
8242483054136136
8242900163376308
8242603651065006
8242877922349015
8242206012315505
8242644020483995
8242408320086426
8242397333321039
8242102428937416
8242456785584454
8242966373198987
8242193932794559
8242595757195635
8242462475022700
8242667074234249
8242736318061859
8242192722585226
8242245757794317
8242296556072982
8242361850195914
8242493577031816
8242507625658781
8242981615627414
8242100733194591
8242910599011593
8242795372361490
8242112884774683
8242634278651928
8242777468835768
8242515761949342
8242715899076659
8242209051157797
8242924677448039
8242182840074348
8242223457413339
8242583265072456
8242737931911314
8242670121217597
8242820779841873
8242531939292402
8242110742297777
8242819868243121
8242479324162424
8242246736252112
8242219175642359
8242966055166501
8242588982381423
8242224726553964
8242116246794196
8242374897435852
8242305557985443
8242680873853747
8242370833411711
8242305276044503
8242659649618461
8242108811728465
8242565348007659
8242336336557343
8242774555118791
8242991577475150
8242479072635552
8242192279104037
8242246638029298
8242201234051150
8242786237425337
8242195855685656
8242156058396287
8242600851797191
8242998432659243
8242491547242768
8242845948311712
8242528328098359
8242657413578459
8242737342923143
8242961087097754
8242608246577396
8242429621696384
8242795678245953
8242226010904733
8242520410769607
8242989894574267
8242897345293526
8242113143558582
8242347255585383
8242359672559283
8242359782036608
8242350283684025
8242454875113059
8242590340142298
8242344613159981
8242162830992610
8242553511543990
8242387294591651
8242383697491540
8242978984945829
8242800225134464
8242397060633117
8242589583282700
8242831153024189
8242337277692238
8242332459596869
8242749696891695
8242232168697293
8242692949835580
8242881736635074
8242948596065295
8242963422738541
8242762498361646
8242631449722425
8242118762352657
8242944226639039
8242409866082355
8242210616152905
8242526443765616
8242277638403645
8242594079342265
8242110211792551
8242135629321327
8242532187319531
8242300390975233
8242888114877695
8242231673729084
8242722120753011
8242624062005565
8242863042001969
8242577722012313
8242286792476604
8242205631537643
8242527185972993
8242516111668546
8242218190568403
8242725728298227
8242391257853297
8242253086769572
8242289676975962
8242859828868295
8242827267311211
8242394993404181
8242354443395216
8242516536289442
8242659965592178
8242122980935536
8242207718151713
8242267256565458
8242339914473198
8242722282625816
8242351887173698
8242845820749800
8242509563937518
8242429271788280
8242923945009938
8242130267008053
8242273367134695
8242118152035802
8242951420541387
8242654886507735
8242101416966004
8242320774165669
8242135993788671
8242752946484253
8242247626626158
8242367877694428
8242129619388359
8242616090314007
8242289128978033
8242552844233980
8242447478356730
8242222194123485
8242658148217841
8242169153041692
8242435883894244
8242808483351288
8242566330536742
8242183820515963
8242294685468505
8242431354188146
8242684243012664
8242564253386361
8242744217236530
8242320347582806
8242278638021090
8242580813315155
8242614066775841
8242547452473964
8242417511311528
8242845527749670
8242145878116013
8242152990599144
8242632923773153
8242139352097809
8242967085196193
8242519839393163
8242331886349114
8242981718605282
8242516851184851
8242586899704234
8242410350364469
8242513697676777
8242205743766041
8242798176311726
8242220623024015
8242893158445724
8242712110682449
8242275756871656
8242495227831551
8242775566291711
8242420138692234
8242502061041145
8242272656305949
8242162363745192
8242320277609962
8242611774654383
8242781517786107
8242267018742170
8242291065454209
8242954556921492
8242555612356565
8242706546326430
8242181271933233
8242257452141230
8242274330463151
8242676923472406
8242980789445186
8242796565195839
8242602320513203
8242743469865768
8242277089258069
8242941348368915
8242182832856648
8242777118753159
8242667045553230
8242153863453447
8242214969743566
8242152760254848
8242291410325337
8242942245329130
8242552524559164
8242621552431887
8242933244679533
8242260612962333
8242422265571564
8242551967953234
8242935761308294
8242786731791441
8242163067726510
8242592451477174
8242954510604975
8242635449233453
8242941142231833
8242957458096045
8242704334491672
8242875842774697
8242540122089004
8242698599201492
8242444867692564
8242786849622074
8242278836243188
8242641046395972
8242966890882635
8242980252675150
8242571050646674
8242615655779350
8242149223557440
8242505239881887
8242228149113693
8242992637023787
8242165950394808
8242979013891550
8242499766441676
8242141876829080
8242454334411716
8242493297116772
8242651955544302
8242313917365480
8242596261078561
8242840929882388
8242758156971611
8242533347022453
8242859010521920
8242425688368251
8242542848478481
8242180654122003
8242309429169890
8242622010123214
8242577852381812
8242275071458338
8242420375465829
8242739043431237
8242646043553184
8242447041726160
8242274356632359
8242553632225660
8242746382714481
8242620449598594
8242473282328248
8242482515775400
8242295859515366
8242445215972212
8242803369394657
8242738585716037
8242999128781415
8242198461547619
8242996128291108
8242297068619928
8242638610745287
8242695348529459
8242510581485599
8242863631098430
8242270323668342
8242625086391059
8242310976568014
8242571513271347
8242740191514968
8242534543273505
8242646026894172
8242502285657792
8242543640784121
8242790469201074
8242896636253056
8242680871782114
8242138073696479
8242130123778232
8242917342168613
8242927478747514
8242668286775680
8242636090063380
8242114063107445
8242711357602570
8242184910322454
8242399666471414
8242188267305782
8242233961975726
8242207333494418
8242589125345309
8242620370162372
8242227781112839
8242163249307092
8242110414755403
8242824640379247
8242124464763966
8242559849016272
8242437552296272
8242587516126538
8242264537709420
8242217431862707
8242797032442245
8242490719025075
8242451453457512
8242777364821053
8242559011175037
8242744583488375
8242465492011018
8242290762613686
8242426017831394
8242544955553425
8242464839004495
8242660616873235
8242592989974478
8242406728974422
8242564471746139
8242571874879936
8242170722272714
8242592163131293
8242788732943876
8242301455531071
8242395410154968
8242722630721722
8242227694228880
8242638050098003
8242298534984170
8242307712683729
8242809191223832
8242454274676657
8242182276449196
8242564283561022
8242127385586945
8242168524052737
8242453359313819
8242483214775897
8242764538822685
8242538663526470
8242394241415057
8242794948364854
8242732844701220
8242492273369050
8242408869034710
8242932680975628
8242358999539162
8242242574624950
8242164323205104
8242795964933362
8242771980294156
8242417414666142
8242991836987260
8242466811244856
8242632132265250
8242136255823414
8242128019282791
8242510212553136
8242805773747190
8242400919907777
8242326545936071
8242385516372109
8242242192343553
8242167285575220
8242349696039034
8242780812041582
8242362627422029
8242369663929526
8242996362497349
8242182633986394
8242146790882276
8242479212651540
8242983520432181
8242170150865438
8242467353614922
8242991441034050
8242528536646493
8242466213297885
8242726952182406
8242873442838883
8242251740967189
8242520042958100
8242232781945098
8242240526672182
8242301521408993
8242989315797486
8242432913496294
8242479965826847
8242163981664424
8242519236876949
8242699449175572
8242427933316426
8242474737077441
8242226548902233
8242284823203657
8242435724464898
8242736217462956
8242114530159336
8242305534841231
8242473127512164
8242598181809770
8242551958321022
8242635378148025
8242875871064428
8242481931098428
8242955986015262
8242153920096119
8242146822441233
8242575898801883
8242477648768482
8242118091194253
8242732964577684
8242571134104144
8242342858937163
8242954080419970
8242961226071001
8242886260253405
8242183423221005
8242379434066022
8242252128872775
8242200028583903
8242338688787025
8242444717431121
8242705722245121
8242403541063237
8242628129798203
8242690033722111
8242923762116089
8242373150969864
8242283638581077
8242166934062590
8242796076428865
8242509542524930
8242778821511288
8242810839405365
8242926020998152
8242899143353713
8242666176141545
8242715427146431
8242319612623688
8242564813171029
8242841517214335
8242637169029927
8242873342658129
8242283432901621
8242573645934527
8242608835389276
8242588166362561
8242844210382527
8242888061526211
8242276948454574
8242117997905204
8242289333084049
8242514740273393
8242612190929517
8242870569464833
8242992239677260
8242980464531207
8242802745514442
8242777172537795
8242962013811937
8242921241016280
8242301926454602
8242719767065496
8242937288013867
8242372999543070
8242753470126308
8242444915495536
8242189539756502
8242585819237847
8242948738891811
8242433460535105
8242732811631477
8242355161996650
8242507632115474
8242595124022311
8242115978106844
8242101193723910
8242135963229129
8242435124214708
8242482832138857
8242248080389086
8242551620103031
8242232067423331
8242568296267920
8242574253779433
8242245539468260
8242234914999106
8242417618979749
8242243685852775
8242109396239109
8242186144825774
8242857168507773
8242122351064554
8242258923758197
8242290594121107
8242944359912565
8242261464634684
8242626047862111
8242697989632622
8242110845537591
8242692149154588
8242202810401799
8242500855233442
8242172314278808
8242550145965343
8242618758928835
8242106032073202
8242600256163776
8242568859326514
8242353477212522
8242238433186612
8242378037872784
8242887183921020
8242586580074524
8242276031825318
8242433650262487
8242524118235462
8242630932164231
8242456453506057
8242745037386303
8242919539827165
8242420456794547
8242565846528579
8242711910284191
8242573245085475
8242854058622922
8242219032868583
8242516590285417
8242393419937043
8242227714347952
8242785488824455
8242448153422759
8242175894116755
8242686720762811
8242618764896279
8242667230959451
8242253661817394
8242635789169020
8242168082267554
8242661426705921
8242368117704884
8242900347863000
8242914911415839
8242748992805280
8242316630641015
8242333971147702
8242653537985616
8242224377105392
8242704332204276
8242852110521002
8242449246244982
8242219650153195
8242237520138117
8242752249992264
8242478488983139
8242490561156757
8242468294875472
8242472470381616
8242520240692411
8242390568013256
8242915664645230
8242746499461317
8242569986558485
8242249477138011
8242853427485853
8242291811098972
8242757832131953
8242396171684108
8242467553787129
8242287270222870
8242679529552519
8242240428159936
8242854644813538
8242174726011103
8242538938009664
8242679494261124
8242313454547561
8242214964334196
8242438073654328
8242409962857908
8242287044953748
8242368789258996
8242421571908468
8242273714894653
8242895970758408
8242362855088801
8242802134983174
8242271033067607
8242497423793030
8242307130796499
8242184056712782
8242267213307600
8242393078311091
8242902986534059
8242488780204864
8242264930746073
8242287144585385
8242421680105165
8242258814468731
8242487153507200
8242940087889741
8242175739501369
8242407637073083
8242398748196145
8242153653611145
8242234633695559
8242699515681831
8242552259855664
8242283662899364
8242620635138578
8242821470835987
8242524614493991
8242918626833307
8242103360518741
8242576561069748
8242848198991558
8242211910787341
8242203637599522
8242347333513162
8242730679028052
8242701635521509
8242436263291738
8242268771931993
8242241529595957
8242577233076524
8242369489947888
8242455338856298
8242163358776855
8242749510558881
8242748931045960
8242394832386276
8242869997711311
8242525771291580
8242277535291719
8242334142088666
8242414837461792
8242159846276688
8242397019963861
8242642362206226
8242561385171593
8242204314321178
8242852953873209
8242650317141487
8242149851168450
8242476674568040
8242294743083389
8242365954403942
8242524160377431
8242685423538965
8242613882436631
8242206382263174
8242657092671806
8242558467854960
8242153515005025
8242175573231604
8242444375225204
8242281620759775
8242123921766532
8242215797545005
8242507392351067
8242190870859481
8242582745961701
8242764646492958
8242603049619488
8242838056437475
8242391836634919
8242828757489225
8242372343048183
8242202594953240
8242801518981539
8242521667308876
8242447458123612
8242669764949090
8242346720141702
8242560647902921
8242763993667446
8242498368042863
8242416810888291
8242320924344839
8242848747375912
8242782160438996
8242512570911612
8242733254226068
8242990121711240
8242117722314888
8242595233119271
8242144142401017
8242182167168091
8242936971692927
8242704369078020
8242608182091420
8242920151958424
8242806721133306
8242753425446346
8242749346229235
8242547192082360
8242533268538474
8242396614703059
8242795682029419
8242324473341399
8242801594926114
8242615012531350
8242519847905244
8242562568619859
8242538435885576
8242374222231712
8242374011464765
8242558714463303
8242476686287534
8242775055883533
8242815167821143
8242733470386120
8242457999199365
8242198198592468
8242388759652563
8242806829925564
8242376713771712
8242793087797815
8242471314106280
8242839739665070
8242471582766749
8242450272548094
8242517696754017
8242597920528777
8242539833982771
8242849162468540
8242806075557763
8242533677974644
8242607357227529
8242696438105561
8242525854326315
8242748183791472
8242259634771605
8242414436375992
8242769723962829
8242497059553521
8242811366616078
8242239751635568
8242547846659534
8242179620318706
8242539318113726
8242810592136776
8242296072916984
8242953351232400
8242161742416566
8242486424485275
8242509323346029
8242699963749111
8242420163085903
8242570010401197
8242726864689109
8242243883421491
8242845118126281
8242161222264832
8242518496878902
8242863354661839
8242424934035481
8242795628143039
8242294030645875
8242227252204504
8242593023711624
8242447824201942
8242563148519112
8242392755386738
8242310265329282
8242247297176952
8242893674948133
8242111942336597
8242671253958190
8242626678038692
8242199117345436
8242999386328852
8242254827347344
8242523747367119
8242865478567001
8242682051739591
8242644216574468
8242116558844067
8242537095632887
8242370022013439
8242963822751858
8242263324713254
8242645076251750
8242569090257736
8242583599011124
8242755611758175
8242831056143210
8242115296764835
8242856547691230
8242935498071526
8242352395125703
8242648325378267
8242337710584081
8242413049564841
8242219713016641
8242617044465034
8242379310383146
8242301327677395
8242139220261421
8242643185561004
8242189724559080
8242378663352325
8242135013879182
8242435216375699
8242101294942221
8242722876866437
8242705892285044
8242254057971879
8242750375237701
8242810083632223
8242570891035409
8242342772534952
8242316418392972
8242192638111330
8242200941509069
8242789862269921
8242241141361140
8242516120545227
8242187220914012
8242857795803792
8242189523288222
8242379776121926
8242792561801515
8242296553668036
8242129091383721
8242574535887374
8242354357154090
8242794151506573
8242221075166072
8242292538696315
8242603066714695
8242808145541446
8242722349051352
8242586828602396
8242559655625346
8242711226451558
8242811397687094
8242266824762331
8242156775335095
8242777897404321
8242772843925643
8242736911367548
8242713163956538
8242621533698090
8242770420483760
8242294128746271
8242311465917083
8242422315914878
8242751219297656
8242225823035401
8242124835709492
8242133249394678
8242963994266486
8242160134092061
8242613228433139
8242903183176336
8242967549509798
8242854488304354
8242581945363159
8242491756143571
8242167816181686
8242791086542681
8242764095846185
8242161072383670
8242235432554599
8242160058262094
8242825317408991
8242258934672871
8242269177773181
8242723482664152
8242601417342098
8242872512537575
8242661568363826
8242519119881019
8242283395735203
8242179120996502
8242857728066741
8242354040267476
8242562637033247
8242898979999549
8242244847088006
8242336679524415
8242287718822073
8242607238056681
8242183097485174
8242180739289157
8242376581434211
8242368497846795
8242317635338035
8242864636169676
8242517862333245
8242498839451878
8242444544306028
8242526350651468
8242755146499219
8242539756157607
8242139530788373
8242215694772860
8242568720874032
8242104636827529
8242137943508569
8242253122543214
8242823450834023
8242935779662052
8242901358828539
8242139942705976
8242874924966005
8242505885003310
8242263987272775
8242915239536508
8242612075525697
8242573790734084
8242370228064739
8242710829214586
8242557364757871
8242252769051615
8242496765993389
8242638197175758
8242621713514856
8242603457114421
8242530119311701
8242460088006386
8242154267071760
8242112951761016
8242606867228149
8242913139085211
8242236030951817
8242120239995763
8242187979828734
8242330067389305
8242628716192124
8242112676357833
8242230392369683
8242578658763344
8242361048048702
8242892589478301
8242562826659408
8242481413783187
8242928631285784
8242796051464360
8242705853453366
8242151459004397
8242471639855357
8242661281973896
8242322947007787
8242229744754418
8242183071749669
8242893729262067
8242118534882294
8242607950299130
8242588474325825
8242990342225248
8242585421058497
8242844317551342
8242369154986219
8242864960323727
8242651520524022
8242419211825121
8242685890218615
8242208858449099
8242791311051147
8242474216317792
8242383355548183
8242310412937217
8242385480318767
8242563250111674
8242944763185325
8242289365863213
8242602693683379
8242380486881942
8242513459067701
8242152211234619
8242790698529513
8242653482338025
8242511831164912
8242278428327521
8242555250536103
8242111160753995
8242923450622902
8242951126729537
8242550645752779
8242525551547898
8242586699967698
8242101836942998
8242838590514685
8242519375182739
8242533787901188
8242881680024581
8242718135814804
8242399953672912
8242632747984527
8242218591227988
8242114210963636
8242136948099699
8242102849256354
8242602778108553
8242935360114355
8242791535291522
8242731562123393
8242792920162611
8242900458171556
8242531782357502
8242483462843513
8242620713334126
8242479285114447
8242149850496592
8242678780346328
8242708641786370
8242294769209860
8242463999056667
8242837831033395
8242583659011022
8242324791106486
8242268451972491
8242464553274895
8242395411592485
8242476442526327
8242408158092216
8242443489877310
8242586935813477
8242456659284055
8242401810707589
8242709263616817
8242448717604586
8242429610533195
8242353844619587
8242902297576954
8242185657207184
8242361962069519
8242497883106332
8242141314195772
8242167237594682
8242618227371705
8242563514202129
8242977651588229
8242530657354466
8242544088137010
8242573817368897
8242874341083204
8242696921448863
8242772013336815
8242354270798403
8242281916193443
8242703022209818
8242251286899640
8242392658927670
8242942431105812
8242569650745581
8242820992635576
8242518366484912
8242363963722668
8242469392576626
8242664386302851
8242377676607147
8242449696254741
8242442590504621
8242533645321755
8242556235944162
8242993415693636
8242140373098896
8242902929294130
8242377062804851
8242791377425626
8242493827251611
8242938418694411
8242496029353622
8242909132541656
8242237574324983
8242534940551699
8242219490972301
8242152049113348
8242580472375688
8242289949315408
8242876542016350
8242289250132699
8242538724948689
8242966920982345
8242273074961265
8242260242641809
8242934024687783
8242645667162949
8242277820277903
8242209135385895
8242682983767514
8242523712384037
8242547964558367
8242106448387440
8242942519687211
8242314551105159
8242662826949694
8242367257381392
8242625926806232
8242793626392235
8242386822642761
8242424137358321
8242477112845701
8242817422024538
8242226591667692
8242332676435026
8242590224379744
8242112948522815
8242225623739736
8242614051108435
8242865692569241
8242633138518152
8242196029874546
8242912882207268
8242977348869818
8242776316661228
8242924419777243
8242791236925857
8242672333977337
8242159189567568
8242352494659495
8242443261677819
8242613475648039
8242140570431292
8242450147704903
8242124915873291
8242141491572491
8242719192168648
8242197547013428
8242764374068482
8242157593533218
8242528674374947
8242986128631705
8242206337248972
8242473292615705
8242901687526174
8242877648531066
8242939473416711
8242573242598976
8242262521264099
8242585116928809
8242544459368667
8242510178162164
8242445999583542
8242747792782228
8242733328473528
8242702912154285
8242342321064799
8242469545864070
8242444863924277
8242932033466481
8242986436276125
8242249866057905
8242823197553105
8242126682099681
8242370167503381
8242424694777600
8242615370416592
8242344987744139
8242607391848670
8242521154962514
8242358830171390
8242591319821584
8242740819419740
8242159367373868
8242385621606391
8242916189231927
8242509454601554
8242940043145830
8242971255264484
8242386158813037
8242371335607430
8242876872394458
8242298576686762
8242198046056021
8242237973355983
8242732419564030
8242709491464866
8242925159036384
8242692616502186
8242323489249648
8242117110058295
8242150413791797
8242141168754830
8242653279135359
8242684291803741
8242772791669013
8242709814821763
8242383131573518
8242939365556331
8242704654273584
8242310542054502
8242397538974897
8242330259248105
8242492373116678
8242712559266000
8242625056526271
